   0.0000000000000000        1.6739447126103530     
   1.0000000000000000        1.6807736915006999     
   2.0000000000000000        1.7012243437008117     
   3.0000000000000000        1.7351830322760604     
   4.0000000000000000        1.7824448715618535     
   5.0000000000000000        1.8426920460635114     
   6.0000000000000000        1.9154664438235445     
   7.0000000000000000        2.0001393134829968     
   8.0000000000000000        2.0958810560433307     
   9.0000000000000000        2.2016344253757310     
   10.000000000000000        2.3160943235076630     
   11.000000000000000        2.4376970442911610     
   12.000000000000000        2.5646212670177699     
   13.000000000000000        2.6948023705864723     
   14.000000000000000        2.8259607821284001     
   15.000000000000000        2.9556441529009332     
   16.000000000000000        3.0812822335434720     
   17.000000000000000        3.2002524637322973     
   18.000000000000000        3.3099535551623949     
   19.000000000000000        3.4078837789797083     
   20.000000000000000        3.4917203037547870     
   21.000000000000000        3.5593957875250428     
   22.000000000000000        3.6091685115711365     
   23.000000000000000        3.6396826436638730     
   24.000000000000000        3.6500157102497024     
   25.000000000000000        3.6397110050263040     
   26.000000000000000        3.6087934220196147     
   27.000000000000000        3.5577680262085427     
   28.000000000000000        3.4876015141410956     
   29.000000000000000        3.3996875228834460     
   30.000000000000000        3.2957974748100236     
   31.000000000000000        3.1780192620204608     
   32.000000000000000        3.0486865501662503     
   33.000000000000000        2.9103017995506968     
   34.000000000000000        2.7654562539409855     
   35.000000000000000        2.6167501367028545     
   36.000000000000000        2.4667161305085648     
   37.000000000000000        2.3177489192605689     
   38.000000000000000        2.1720431630365638     
   39.000000000000000        2.0315417867042389     
   40.000000000000000        1.8978959202826857     
   41.000000000000000        1.7724372642314048     
   42.000000000000000        1.6561630942616550     
   43.000000000000000        1.5497335937823133     
   44.000000000000000        1.4534807295859067     
   45.000000000000000        1.3674274850524060     
   46.000000000000000        1.2913159471182689     
   47.000000000000000        1.2246425154691085     
   48.000000000000000        1.1666983668265161     
   49.000000000000000        1.1166132612230271     
   50.000000000000000        1.0734008142782543     
   51.000000000000000        1.0360034700113667     
   52.000000000000000        1.0033355806106568     
   53.000000000000000       0.97432321928662913     
   54.000000000000000       0.94793960563447155     
   55.000000000000000       0.92323529566708606     
   56.000000000000000       0.89936256741665410     
   57.000000000000000       0.87559370556679716     
   58.000000000000000       0.85133314446129815     
   59.000000000000000       0.82612365947214794     
   60.000000000000000       0.79964699561773067     
   61.000000000000000       0.77171948513204958     
   62.000000000000000       0.74228333006481184     
   63.000000000000000       0.71139431148257515     
   64.000000000000000       0.67920673463540882     
   65.000000000000000       0.64595643212521736     
   66.000000000000000       0.61194262832001745     
   67.000000000000000       0.57750942244728909     
   68.000000000000000       0.54302757990443273     
   69.000000000000000       0.50887723650073036     
   70.000000000000000       0.47543202372640103     
   71.000000000000000       0.44304501963822623     
   72.000000000000000       0.41203682407624032     
   73.000000000000000       0.38268595269022321     
   74.000000000000000       0.35522164507455922     
   75.000000000000000       0.32981909096715673     
   76.000000000000000       0.30659699709915361     
   77.000000000000000       0.28561734739639216     
   78.000000000000000       0.26688715175317401     
   79.000000000000000       0.25036193391440714     
   80.000000000000000       0.23595067704087755     
   81.000000000000000       0.22352192582999675     
   82.000000000000000       0.21291073584046619     
   83.000000000000000       0.20392616289930129     
   84.000000000000000       0.19635899695274955     
   85.000000000000000       0.18998946414259146     
   86.000000000000000       0.18459464686799160     
   87.000000000000000       0.17995540273533944     
   88.000000000000000       0.17586259822933534     
   89.000000000000000       0.17212251033235176     
   90.000000000000000       0.16856128792261590     
   91.000000000000000       0.16502840343125100     
   92.000000000000000       0.16139906287218167     
   93.000000000000000       0.15757557802739189     
   94.000000000000000       0.15348773744152627     
   95.000000000000000       0.14909224224650980     
   96.000000000000000       0.14437129811872595     
   97.000000000000000       0.13933047541942775     
   98.000000000000000       0.13399596546825851     
   99.000000000000000       0.12841137177012157     
   100.00000000000000       0.12263418081304332     
   101.00000000000000       0.11673205786946482     
   102.00000000000000       0.11077910928699417     
   103.00000000000000       0.10485224439348857     
   104.00000000000000        9.9027757827775439E-002
   105.00000000000000        9.3378237407294784E-002
   106.00000000000000        8.7969884211286015E-002
   107.00000000000000        8.2860311115628735E-002
   108.00000000000000        7.8096864333109417E-002
   109.00000000000000        7.3715490383861354E-002
   110.00000000000000        6.9740149135659305E-002
   111.00000000000000        6.6182752874496070E-002
   112.00000000000000        6.3043592499415838E-002
   113.00000000000000        6.0312195509468619E-002
   114.00000000000000        5.7968546990685384E-002
   115.00000000000000        5.5984594722341963E-002
   116.00000000000000        5.4325953074469149E-002
   117.00000000000000        5.2953717687735789E-002
   118.00000000000000        5.1826303988715169E-002
   119.00000000000000        5.0901227227220014E-002
   120.00000000000000        5.0136749617383999E-002
   121.00000000000000        4.9493330883833085E-002
   122.00000000000000        4.8934831514351247E-002
   123.00000000000000        4.8429432672150420E-002
   124.00000000000000        4.7950252337710740E-002
   125.00000000000000        4.7475653117170211E-002
   126.00000000000000        4.6989252558505709E-002
   127.00000000000000        4.6479661077869813E-002
   128.00000000000000        4.5939985097741214E-002
   129.00000000000000        4.5367143205405518E-002
   130.00000000000000        4.4761050634826188E-002
   131.00000000000000        4.4123731865722889E-002
   132.00000000000000        4.3458422469612221E-002
   133.00000000000000        4.2768719508955680E-002
   134.00000000000000        4.2057834953207786E-002
   135.00000000000000        4.1327998993707045E-002
   136.00000000000000        4.0580050222323485E-002
   137.00000000000000        3.9813237897075339E-002
   138.00000000000000        3.9025248544576237E-002
   139.00000000000000        3.8212455592440527E-002
   140.00000000000000        3.7370377258285632E-002
   141.00000000000000        3.6494315213843567E-002
   142.00000000000000        3.5580135224747213E-002
   143.00000000000000        3.4625141605241015E-002
   144.00000000000000        3.3628990397242216E-002
   145.00000000000000        3.2594582046017742E-002
   146.00000000000000        3.1528873230737969E-002
   147.00000000000000        3.0443549506008867E-002
   148.00000000000000        2.9355505462367867E-002
   149.00000000000000        2.8287087017299196E-002
   150.00000000000000        2.7266060865190202E-002
   151.00000000000000        2.6325288585166418E-002
   152.00000000000000        2.5502096869296578E-002
   153.00000000000000        2.4837350153726154E-002
   154.00000000000000        2.4374246927977076E-002
   155.00000000000000        2.4156875462568582E-002
   156.00000000000000        2.4228577947149228E-002
   157.00000000000000        2.4630183431898791E-002
   158.00000000000000        2.5398178951307394E-002
   159.00000000000000        2.6562894320716929E-002
   160.00000000000000        2.8146778994922909E-002
   161.00000000000000        3.0162848867172399E-002
   162.00000000000000        3.2613376918435265E-002
   163.00000000000000        3.5488894306600891E-002
   164.00000000000000        3.8767558069045679E-002
   165.00000000000000        4.2414928495638562E-002
   166.00000000000000        4.6384183932336454E-002
   167.00000000000000        5.0616783919636948E-002
   168.00000000000000        5.5043573852430798E-002
   169.00000000000000        5.9586306510948990E-002
   170.00000000000000        6.4159538612721334E-002
   171.00000000000000        6.8672844709613920E-002
   172.00000000000000        7.3033276987399087E-002
   173.00000000000000        7.7147988421519875E-002
   174.00000000000000        8.0926928797155670E-002
   175.00000000000000        8.4285518679323573E-002
   176.00000000000000        8.7147205737755792E-002
   177.00000000000000        8.9445810953048557E-002
   178.00000000000000        9.1127579056065153E-002
   179.00000000000000        9.2152857826333631E-002
